25 25
0 0 0 0 0 0 0 0 0 0 0 0 0 0 0 0 0 0 0 0 0 0 0 0 0 0 0 0 0 0 0 0 0 0 0 0 0 0 0 0 0 0 0 0 0 0 0 0 0 0 0 0 0 0 0 0 0 0 0 0 0 0 0 0 0 0 0 0 0 0 0 0 0 0 0 
0 0 0 0 0 0 0 0 0 0 0 0 0 0 0 0 0 0 0 0 0 0 0 0 26 26 26 73 73 73 99 99 99 111 111 111 115 115 115 111 111 111 99 99 99 73 73 73 26 26 26 0 0 0 0 0 0 0 0 0 0 0 0 0 0 0 0 0 0 0 0 0 0 0 0 
0 0 0 0 0 0 0 0 0 0 0 0 0 0 0 0 0 0 40 40 40 98 98 98 127 127 127 143 143 143 153 153 153 158 158 158 159 159 159 158 158 158 153 153 153 143 143 143 127 127 127 98 98 98 40 40 40 0 0 0 0 0 0 0 0 0 0 0 0 0 0 0 0 0 0 
0 0 0 0 0 0 0 0 0 0 0 0 0 0 0 79 79 79 125 125 125 149 149 149 162 162 162 168 168 168 171 171 171 173 173 173 173 173 173 173 173 173 171 171 171 169 169 169 162 162 162 149 149 149 125 125 125 79 79 79 0 0 0 0 0 0 0 0 0 0 0 0 0 0 0 
0 0 0 0 0 0 0 0 0 0 0 0 92 92 92 135 135 135 158 158 158 168 168 168 172 172 172 173 173 173 174 174 174 175 175 175 175 175 175 175 175 175 175 175 175 174 174 174 172 172 172 169 169 169 158 158 158 135 135 135 92 92 92 0 0 0 0 0 0 0 0 0 0 0 0 
0 0 0 0 0 0 0 0 0 86 86 86 135 135 135 160 160 160 169 169 169 170 170 170 171 171 171 171 171 171 172 172 172 172 172 172 172 172 172 172 172 172 172 172 172 172 172 172 172 172 172 171 171 171 169 169 169 160 160 160 136 136 136 86 86 86 0 0 0 0 0 0 0 0 0 
0 0 0 0 0 0 43 43 43 128 128 128 156 156 156 166 166 166 149 149 149 131 131 131 132 132 132 132 132 132 132 132 132 132 132 132 131 131 131 133 133 133 132 132 132 131 131 131 132 132 132 132 132 132 149 149 149 166 166 166 157 157 157 128 128 128 43 43 43 0 0 0 0 0 0 
0 0 0 0 0 0 111 111 111 147 147 147 165 165 165 141 141 141 119 119 119 143 143 143 174 174 174 163 163 163 163 163 163 173 173 173 157 157 157 175 175 175 162 162 162 165 165 165 168 168 168 142 142 142 122 122 122 143 143 143 165 165 165 147 147 147 111 111 111 0 0 0 0 0 0 
0 0 0 25 25 25 132 132 132 157 157 157 163 163 163 117 117 117 178 178 178 192 192 192 223 223 223 206 206 206 210 210 210 225 225 225 199 199 199 227 227 227 209 209 209 215 215 215 222 222 222 191 191 191 179 179 179 122 122 122 164 164 164 157 157 157 132 132 132 25 25 25 0 0 0 
0 0 0 99 99 99 142 142 142 161 161 161 163 163 163 113 113 113 176 176 176 183 183 183 221 221 221 207 207 207 209 209 209 230 230 230 206 206 206 232 232 232 210 210 210 214 214 214 221 221 221 184 184 184 180 180 180 119 119 119 164 164 164 161 161 161 142 142 142 99 99 99 0 0 0 
0 0 0 117 117 117 147 147 147 162 162 162 166 166 166 134 134 134 127 127 127 156 156 156 199 199 199 185 185 185 183 183 183 203 203 203 181 181 181 204 204 204 187 187 187 193 193 193 197 197 197 159 159 159 134 134 134 137 137 137 166 166 166 163 163 163 148 148 148 117 117 117 0 0 0 
0 0 0 126 126 126 152 152 152 166 166 166 168 168 168 166 166 166 141 141 141 124 124 124 128 128 128 127 127 127 127 127 127 129 129 129 126 126 126 129 129 129 129 129 129 128 128 128 128 128 128 124 124 124 142 142 142 166 166 166 168 168 168 166 166 166 152 152 152 126 126 126 0 0 0 
0 0 0 129 129 129 154 154 154 169 169 169 171 171 171 171 171 171 172 172 172 159 159 159 155 155 155 175 175 175 157 157 157 157 157 157 174 174 174 157 157 157 157 157 157 175 175 175 155 155 155 159 159 159 172 172 172 171 171 171 171 171 171 169 169 169 154 154 154 129 129 129 0 0 0 
0 0 0 128 128 128 154 154 154 170 170 170 173 173 173 173 173 173 174 174 174 144 144 144 104 104 104 148 148 148 106 106 106 139 139 139 174 174 174 139 139 139 106 106 106 148 148 148 104 104 104 144 144 144 174 174 174 173 173 173 173 173 173 170 170 170 154 154 154 128 128 128 0 0 0 
0 0 0 123 123 123 150 150 150 169 169 169 179 179 179 182 182 182 181 181 181 163 163 163 91 91 91 93 93 93 89 89 89 155 155 155 176 176 176 155 155 155 89 89 89 93 93 93 91 91 91 163 163 163 181 181 181 182 182 182 179 179 179 169 169 169 150 150 150 123 123 123 0 0 0 
0 0 0 114 114 114 144 144 144 166 166 166 185 185 185 189 189 189 189 189 189 188 188 188 128 128 128 83 83 83 124 124 124 186 186 186 188 188 188 186 186 186 124 124 124 83 83 83 128 128 128 188 188 188 189 189 189 189 189 189 185 185 185 166 166 166 144 144 144 114 114 114 0 0 0 
0 0 0 51 51 51 136 136 136 158 158 158 186 186 186 198 198 198 197 197 197 197 197 197 193 193 193 176 176 176 192 192 192 198 198 198 197 197 197 198 198 198 192 192 192 176 176 176 193 193 193 197 197 197 197 197 197 198 198 198 186 186 186 158 158 158 136 136 136 52 52 52 0 0 0 
0 0 0 0 0 0 127 127 127 146 146 146 176 176 176 204 204 204 206 206 206 206 206 206 206 206 206 206 206 206 206 206 206 206 206 206 206 206 206 206 206 206 206 206 206 206 206 206 206 206 206 206 206 206 206 206 206 204 204 204 176 176 176 146 146 146 127 127 127 0 0 0 0 0 0 
0 0 0 0 0 0 94 94 94 135 135 135 155 155 155 196 196 196 215 215 215 214 214 214 214 214 214 214 214 214 214 214 214 214 214 214 214 214 214 214 214 214 214 214 214 214 214 214 214 214 214 214 214 214 215 215 215 196 196 196 155 155 155 135 135 135 94 94 94 0 0 0 0 0 0 
0 0 0 0 0 0 0 0 0 123 123 123 139 139 139 163 163 163 206 206 206 222 222 222 222 222 222 222 222 222 222 222 222 222 222 222 222 222 222 222 222 222 222 222 222 222 222 222 222 222 222 222 222 222 206 206 206 163 163 163 139 139 139 123 123 123 0 0 0 0 0 0 0 0 0 
0 0 0 0 0 0 0 0 0 0 0 0 127 127 127 138 138 138 160 160 160 201 201 201 225 225 225 229 229 229 229 229 229 229 229 229 229 229 229 229 229 229 229 229 229 229 229 229 225 225 225 201 201 201 160 160 160 138 138 138 127 127 127 0 0 0 0 0 0 0 0 0 0 0 0 
0 0 0 0 0 0 0 0 0 0 0 0 0 0 0 126 126 126 135 135 135 148 148 148 173 173 173 201 201 201 218 218 218 226 226 226 228 228 228 226 226 226 218 218 218 201 201 201 173 173 173 148 148 148 135 135 135 126 126 126 0 0 0 0 0 0 0 0 0 0 0 0 0 0 0 
0 0 0 0 0 0 0 0 0 0 0 0 0 0 0 0 0 0 117 117 117 129 129 129 135 135 135 143 143 143 152 152 152 161 161 161 164 164 164 161 161 161 152 152 152 143 143 143 135 135 135 129 129 129 117 117 117 0 0 0 0 0 0 0 0 0 0 0 0 0 0 0 0 0 0 
0 0 0 0 0 0 0 0 0 0 0 0 0 0 0 0 0 0 0 0 0 0 0 0 112 112 112 124 124 124 128 128 128 130 130 130 131 131 131 130 130 130 128 128 128 124 124 124 112 112 112 0 0 0 0 0 0 0 0 0 0 0 0 0 0 0 0 0 0 0 0 0 0 0 0 
0 0 0 0 0 0 0 0 0 0 0 0 0 0 0 0 0 0 0 0 0 0 0 0 0 0 0 0 0 0 0 0 0 0 0 0 0 0 0 0 0 0 0 0 0 0 0 0 0 0 0 0 0 0 0 0 0 0 0 0 0 0 0 0 0 0 0 0 0 0 0 0 0 0 0 
